f1_47500 = 0.6065654091131798
loss_47500 = 0.2988235814661919
precision_47500 = 0.5479815864022662
recall_47500 = 0.6791748957647575
