f1_20300 = 0.12637922077922079
loss_20300 = 46.97274835803841
precision_20300 = 0.0697989349981638
recall_20300 = 0.6673249945139346
