f1_61000 = 0.13395925894878027
loss_61000 = 3.6114375289482408
precision_61000 = 0.07405176208901967
recall_61000 = 0.7013385999561115
