f1_48000 = 0.40947181310309805
loss_48000 = 0.6677434323709223
precision_48000 = 0.2880750334970969
recall_48000 = 0.7077024358130349
