f1_56500 = 0.610654548970318
loss_56500 = 0.2932069717517382
precision_56500 = 0.5458002073971656
recall_56500 = 0.6929997805573842
