f1_62000 = 0.14172345767575323
loss_62000 = 1.3351453029656712
precision_62000 = 0.0789243714264313
recall_62000 = 0.6936581084046521
