f1_49500 = 0.13840360786374184
loss_49500 = 1.8481528970259655
precision_49500 = 0.07687069866977943
recall_49500 = 0.6936581084046521
