f1_10500 = 0.41192234786587356
f1_28000 = 0.41341865425635055
loss_10500 = 8.108557495889784
loss_28000 = 9.196313013004351
precision_10500 = 0.2933345745671197
precision_28000 = 0.2930181418361737
recall_10500 = 0.6914636822470924
recall_28000 = 0.7017774851876234
