f1_30100 = 0.12478093235191028
loss_30100 = 52.24955505660817
precision_30100 = 0.06886036774076097
recall_30100 = 0.6640333552775949
