f1_60500 = 0.13168775582289263
loss_60500 = 3.3144725153717816
precision_60500 = 0.07273019370237767
recall_60500 = 0.6954136493307
