f1_16800 = 0.4022112085398398
loss_16800 = 4.627689665631403
precision_16800 = 0.28306949288972366
recall_16800 = 0.6945358788676761
