f1_42000 = 0.6154296303520921
f1_44000 = 0.6129316247676806
loss_42000 = 0.2832140900854823
loss_44000 = 0.2914082960614675
precision_42000 = 0.5538974719101124
precision_44000 = 0.5529474055771267
recall_42000 = 0.6923414527101163
recall_44000 = 0.6875137151634847
