f1_46000 = 0.13322746458272391
f1_50000 = 0.1336947841802211
loss_46000 = 2.29493653321568
loss_50000 = 2.244450421272954
precision_46000 = 0.07362416572365535
precision_50000 = 0.07392688651839457
recall_46000 = 0.6995830590300637
recall_50000 = 0.6980469607197718
