f1_12000 = 0.13685736589717853
loss_12000 = 22.97899624063999
precision_12000 = 0.07617061423109389
recall_12000 = 0.6732499451393461
