f1_60000 = 0.1334596358278076
loss_60000 = 4.038953228841854
precision_60000 = 0.07381018906584708
recall_60000 = 0.695633091946456
