f1_30800 = 0.13608527049649297
loss_30800 = 83.39574891102465
precision_30800 = 0.07531547591124454
recall_30800 = 0.7046302391924512
