f1_60000 = 0.134572632381275
loss_60000 = 4.886206578604782
precision_60000 = 0.07447157519801284
recall_60000 = 0.6973886328725039
