f1_50000 = 0.1340941512125535
loss_50000 = 89.29882402057889
precision_50000 = 0.07425135581230842
recall_50000 = 0.6910247970155804
