f1_49000 = 0.134790604363454
f1_50000 = 0.1337323678372609
loss_49000 = 3.5612191761596295
loss_50000 = 3.5634366741663293
precision_49000 = 0.07448897101281904
precision_50000 = 0.07391555812608444
recall_49000 = 0.7077024358130349
recall_50000 = 0.7011191573403555
