f1_61000 = 0.13711263604178503
loss_61000 = 2.9581624495832224
precision_61000 = 0.07613892866677993
recall_61000 = 0.6883914856265086
