f1_11000 = 0.13179070252240985
loss_11000 = 2.07642417617991
precision_11000 = 0.072812291249165
recall_11000 = 0.6936581084046521
