f1_15000 = 0.13336747540703756
loss_15000 = 93.86208613914779
precision_15000 = 0.07386659102727745
recall_15000 = 0.6857581742374369
