f1_1000 = 0.85332248716254
f1_10000 = 0.8745817978024218
f1_11000 = 0.8766908047547479
f1_12000 = 0.8771660788222664
f1_13000 = 0.8775919505064927
f1_14000 = 0.8793766340288103
f1_15000 = 0.8791343405471621
f1_2000 = 0.8641841387142155
f1_3000 = 0.8670408492021773
f1_4000 = 0.8686892709111912
f1_5000 = 0.8694318530384103
f1_6000 = 0.8698804160032522
f1_7000 = 0.8724425531914894
f1_8000 = 0.8726894836368592
f1_9000 = 0.8740988188775075
loss_1000 = 4.543369998394604
loss_10000 = 6.022505249775631
loss_11000 = 6.106405929780342
loss_12000 = 6.332286707112487
loss_13000 = 6.654363380351537
loss_14000 = 6.715427721050424
loss_15000 = 6.710502214834723
loss_2000 = 4.171407998447687
loss_3000 = 4.61947836674435
loss_4000 = 4.868135888811568
loss_5000 = 5.076447439865327
loss_6000 = 5.36255538631493
loss_7000 = 5.623208603388827
loss_8000 = 5.808119276879539
loss_9000 = 5.860429404487072
precision_1000 = 0.8459961692261164
precision_10000 = 0.8688712670828412
precision_11000 = 0.8758531258531258
precision_12000 = 0.8742909547909378
precision_13000 = 0.8725496823036366
precision_14000 = 0.8790011273186896
precision_15000 = 0.874966133839068
precision_2000 = 0.8568787603778024
precision_3000 = 0.8600841042893188
precision_4000 = 0.863234301147873
precision_5000 = 0.866684786301556
precision_6000 = 0.8619671030547164
precision_7000 = 0.8686868686868687
precision_8000 = 0.8696818444195443
precision_9000 = 0.8714698385726423
recall_1000 = 0.8607768052516411
recall_10000 = 0.8803678884026258
recall_11000 = 0.8775300875273523
recall_12000 = 0.8800601750547046
recall_13000 = 0.8826928336980306
recall_14000 = 0.8797524617067833
recall_15000 = 0.8833424507658644
recall_2000 = 0.8716151531728665
recall_3000 = 0.8741110503282276
recall_4000 = 0.8742136214442013
recall_5000 = 0.8721963894967177
recall_6000 = 0.8779403719912473
recall_7000 = 0.8762308533916849
recall_8000 = 0.8757179978118161
recall_9000 = 0.8767437089715536
