f1_27500 = 0.13726823916620953
loss_27500 = 4.557675147358375
precision_27500 = 0.07609409589607609
recall_27500 = 0.7000895255147717
