f1_57500 = 0.6145273242741226
loss_57500 = 0.31854288987343826
precision_57500 = 0.5541255289139634
recall_57500 = 0.6897081413210445
