f1_10500 = 0.6117063492063491
f1_2800 = 0.6115585984695933
loss_10500 = 3.5892559968972506
loss_2800 = 7.047601313530644
precision_10500 = 0.5582111171464783
precision_2800 = 0.5650232558139535
recall_10500 = 0.6765415843756858
recall_2800 = 0.6664472240509107
