f1_10000 = 0.13706927589639326
loss_10000 = 4.073288552368743
precision_10000 = 0.07585560243788092
recall_10000 = 0.7101163045863507
