f1_13300 = 0.6058364981011393
f1_40600 = 0.6111975116640747
loss_13300 = -2.1951107188493393
loss_40600 = -7.862166748771185
precision_13300 = 0.5562488530005506
precision_40600 = 0.5485953585761647
recall_13300 = 0.6651305683563749
recall_40600 = 0.6899275839368005
