f1_49000 = 0.6161137440758293
loss_49000 = 0.3382548657776434
precision_49000 = 0.5508474576271186
recall_49000 = 0.6989247311827957
