f1_37000 = 0.1335748534896111
loss_37000 = 4.218045240716089
precision_37000 = 0.07397092145015106
recall_37000 = 0.6877331577792407
