f1_12000 = 0.13834972968182224
loss_12000 = 2.791631795183013
precision_12000 = 0.07677552626401732
recall_12000 = 0.6987466427931961
