f1_61000 = 0.6158186594026656
loss_61000 = 0.3028190979097463
precision_61000 = 0.5531282768262845
recall_61000 = 0.6945358788676761
