f1_21700 = 0.1303463185112967
loss_21700 = 65.72737623770026
precision_21700 = 0.07214076246334311
recall_21700 = 0.6747860434496379
