f1_61500 = 0.13486709944809797
loss_61500 = 3.4206612955165814
precision_61500 = 0.0746244208358684
recall_61500 = 0.6998025016458196
