f1_53000 = 0.13837545990899788
loss_53000 = 2.653638975529731
precision_53000 = 0.07680781129157
recall_53000 = 0.6973886328725039
