f1_45000 = 0.13631569695904378
loss_45000 = 4.444831012170526
precision_45000 = 0.07557742910047753
recall_45000 = 0.6942703670546105
