f1_43000 = 0.13608098643859165
loss_43000 = 2.8546664684633667
precision_43000 = 0.07532540764061839
recall_43000 = 0.7035330261136713
