f1_1000 = 0.8402279442802871
f1_10000 = 0.8704989419562443
f1_10500 = 0.8711946252361957
f1_11000 = 0.8721011700413368
f1_11500 = 0.8707051966464215
f1_12000 = 0.8722218327140153
f1_12500 = 0.871902635496016
f1_1500 = 0.8477229932352326
f1_2000 = 0.8582107972777602
f1_2500 = 0.8626578366445915
f1_3000 = 0.8644022844210265
f1_3500 = 0.8662701963054575
f1_4000 = 0.8668113101903694
f1_4500 = 0.8685007792935573
f1_500 = 0.818949973484179
f1_5000 = 0.8714102090046308
f1_5500 = 0.8694192329888253
f1_6000 = 0.8709859154929577
f1_6500 = 0.8703820099168936
f1_7000 = 0.8710528166537731
f1_7500 = 0.8696717295443411
f1_8000 = 0.8702914249772871
f1_8500 = 0.8715668874870406
f1_9000 = 0.870214556163231
f1_9500 = 0.8700728906290969
loss_1000 = 0.20861216665993274
loss_10000 = 0.26878292816625515
loss_10500 = 0.27014073519639564
loss_11000 = 0.2727343427463317
loss_11500 = 0.27854415501507235
loss_12000 = 0.27788295880169933
loss_12500 = 0.27847348111616055
loss_1500 = 0.1994726236017657
loss_2000 = 0.1905606894845694
loss_2500 = 0.18295593129497179
loss_3000 = 0.1851569907346242
loss_3500 = 0.192708992202517
loss_4000 = 0.19709620425398922
loss_4500 = 0.20541060201718775
loss_500 = 0.2400266064304701
loss_5000 = 0.20412358053973023
loss_5500 = 0.21403914165328924
loss_6000 = 0.22375075645010237
loss_6500 = 0.2304909155822136
loss_7000 = 0.2331940899012794
loss_7500 = 0.2391648980933176
loss_8000 = 0.24593783243441245
loss_8500 = 0.2546844633532242
loss_9000 = 0.2569680067015366
loss_9500 = 0.26258739996963826
precision_1000 = 0.8395486977610629
precision_10000 = 0.8648874061718098
precision_10500 = 0.8659524886090919
precision_11000 = 0.8678146895806463
precision_11500 = 0.8658103592314118
precision_12000 = 0.8685377177365867
precision_12500 = 0.8674216027874564
precision_1500 = 0.8397291976097544
precision_2000 = 0.8596051283862537
precision_2500 = 0.8654854712969525
precision_3000 = 0.8682864450127877
precision_3500 = 0.8633470872088957
precision_4000 = 0.8616551292308763
precision_4500 = 0.8640671823820475
precision_500 = 0.822439197585656
precision_5000 = 0.8716711286459067
precision_5500 = 0.8637848356383349
precision_6000 = 0.8711392850854024
precision_6500 = 0.8633576945724083
precision_7000 = 0.8700432018545187
precision_7500 = 0.8645583272448945
precision_8000 = 0.8638618154070271
precision_8500 = 0.8700533258490036
precision_9000 = 0.866599169081451
precision_9500 = 0.8640466601860852
recall_1000 = 0.8409082907938743
recall_10000 = 0.8761837704629467
recall_10500 = 0.8765006160887168
recall_11000 = 0.8764302059496567
recall_11500 = 0.8756556944199965
recall_12000 = 0.8759373349762366
recall_12500 = 0.8764302059496567
recall_1500 = 0.8558704453441296
recall_2000 = 0.8568209822214399
recall_2500 = 0.859848618201021
recall_3000 = 0.8605527195916212
recall_3500 = 0.8692131666960042
recall_4000 = 0.8720295722584052
recall_4500 = 0.8729801091357156
recall_500 = 0.8154902305932055
recall_5000 = 0.8711494455201549
recall_5500 = 0.8751276183770463
recall_6000 = 0.8708325998943848
recall_6500 = 0.8775215631050871
recall_7000 = 0.8720647773279352
recall_7500 = 0.8748459778208062
recall_8000 = 0.8768174617144869
recall_8500 = 0.8730857243443055
recall_9000 = 0.8738602358739659
recall_9500 = 0.8761837704629467
