f1_60000 = 0.6109211683110286
loss_60000 = 0.3571373810873756
precision_60000 = 0.5505281690140845
recall_60000 = 0.6861970594689488
