f1_13000 = 0.13676716181770238
f1_50000 = 0.13351889519323412
loss_13000 = 40.86964228183408
loss_50000 = 88.17354303673852
precision_13000 = 0.07599326023784524
precision_50000 = 0.07397741292588023
recall_13000 = 0.6829054202326091
recall_50000 = 0.684222075927145
