f1_29500 = 0.13610675376582074
loss_29500 = 4.511526626876638
precision_29500 = 0.07544068604097189
recall_29500 = 0.694974764099188
