f1_15000 = 0.13188774954825505
f1_34000 = 0.1320279598836452
loss_15000 = 30.838528065741816
loss_34000 = 58.48963252200356
precision_15000 = 0.07320668986852281
precision_34000 = 0.07326122045821389
recall_15000 = 0.6646916831248628
recall_34000 = 0.6673249945139346
