f1_56000 = 0.1386442629592511
loss_56000 = 2.5904943912844116
precision_56000 = 0.07678318375059046
recall_56000 = 0.7134079438226903
