f1_30100 = 0.12860947871305964
loss_30100 = 62.186298080637485
precision_30100 = 0.07115955928793656
recall_30100 = 0.6675444371296906
