f1_29400 = 0.13609112709832136
loss_29400 = 72.28388262398636
precision_29400 = 0.07540275701710679
recall_29400 = 0.6973886328725039
